ksar|7|1|[3, 0]|[9, 9, 9]|[]|0
willz|7|1|[3, 2]|[9, 9, 9]|[11, 32]|0
naspipper|6|1|[4, 2]|[9, 9, 11, 17]|[21, 12]|0
naspipper|5|1|[3, 0]|[9, 13, 27]|[]|0
ibra|5|1|[3, 0]|[9, 13, 27]|[]|0
willz|5|1|[4, 1]|[9, 11, 27, 10]|[11]|0
ksar|4|1|[6, 1]|[9, 11, 27, 26, 9, 7]|[12]|0
ibra|4|1|[4, 1]|[0, 26, 9, 7]|[10]|0
naspipper|3|1|[6, 1]|[9, 11, 27, 26, 9, 7]|[12]|3
ibra|3|1|[6, 1]|[9, 11, 27, 26, 9, 7]|[12]|1
naspipper|2|1|[6, 1]|[9, 11, 27, 26, 9, 7]|[12]|5
ksar|2|1|[4, 2]|[9, 7, 11, 0]|[21, 12]|6
willz|2|1|[6, 1]|[9, 11, 27, 26, 9, 7]|[12]|1
naspipper|1|1|[4, 1]|[9, 11, 27, 9]|[12]|5
ksar|1|0|[1, 1]|[9]|[12]|0
johhny|1|1|[4, 1]|[9, 11, 27, 9]|[12]|1
ibra|1|0|[1, 1]|[9]|[12]|0
